521 763 552 841 448 484 872 607 859 
474 724 666 715 593 472 808 626 852 
743 512 458 790 979 505 571 766 607 
692 929 957 412 443 536 423 565 978 
755 686 504 684 1014 615 496 555 625 
567 622 1046 529 912 534 428 506 799 
638 466 613 413 781 966 436 670 962 
510 550 928 879 688 773 436 534 632 
520 434 666 887 576 821 509 949 588 
671 496 845 428 604 529 469 938 965 
748 413 519 917 492 1048 490 743 572 
904 739 886 470 677 417 635 419 792 
555 787 822 557 607 637 410 696 862 
471 425 915 775 479 569 521 1034 750 
447 478 427 897 517 737 904 871 668 
437 819 613 1056 636 553 477 773 583 
475 527 844 487 766 1051 615 725 449 
1027 614 833 567 663 604 544 630 453 
870 749 850 630 468 420 477 602 873 
610 516 736 449 595 477 999 616 943 
615 485 681 802 492 777 433 779 879 
791 423 747 897 423 589 817 688 563 
734 481 817 847 418 711 449 723 764 
433 464 613 712 1007 562 480 884 787 
665 521 554 728 537 903 465 695 876 
448 621 961 646 1047 513 547 503 647 
715 462 821 433 641 976 514 614 770 
618 803 531 828 598 691 479 453 933 
590 534 699 781 740 621 428 955 598 
952 483 861 700 421 517 968 537 506 
546 851 693 579 644 540 802 551 736 
512 1037 815 596 442 509 994 475 560 
561 907 438 625 890 835 576 485 624 
663 864 614 877 585 415 693 664 556 
719 479 704 550 665 1058 604 644 517 
1004 490 787 480 432 847 945 418 542 
