806 916 683 466 581 507 590 694 
594 518 668 863 540 843 696 521 
634 434 499 456 891 705 844 780 
531 407 872 974 484 432 798 744 
501 726 415 528 724 955 498 886 
866 411 806 673 569 833 616 474 
948 576 436 568 839 622 838 415 
493 599 515 614 478 951 1042 549 
571 1028 815 542 478 777 586 453 
1008 772 680 478 768 479 561 497 
685 563 902 659 614 721 589 510 
881 507 740 844 506 447 627 698 
459 592 454 884 633 833 722 657 
664 525 795 519 1017 443 538 739 
737 417 715 436 696 513 781 942 
530 730 428 650 586 894 492 932 
559 998 761 471 967 434 499 549 
744 593 412 598 843 508 554 981 
857 796 547 757 443 688 531 621 
432 495 562 969 1005 411 567 805 
979 512 832 924 453 566 413 558 
540 770 546 766 452 970 543 655 
948 482 761 815 406 513 412 899 
436 622 875 427 565 607 952 748 
877 626 719 553 684 813 466 504 
797 442 1042 782 495 429 677 585 
497 997 587 1024 449 767 414 498 
755 545 854 660 556 783 492 593 
855 906 639 798 519 569 441 515 
828 414 677 618 566 675 438 1027 
